boxes:
  box_0:
    length: 0.3909398004895873
    orientation:
      y: 0.7087163771703475
      z: -0.01214461002277619
      w: 0.00473335933866367
      x: 0.7053730931126474
    width: 0.3583825276115472
    position:
      x: 0.2485468459350091
      y: -0.03188925889539131
      z: 1.151412462746655
pallet_pose:
  position:
    x: 0.2895155686308337
    y: -0.0002800989478198845
    z: 2.1849911751687
  orientation:
    x: 0.9999673263667243
    y: -0.006286966056440657
    z: -0.001993271019877012
    w: 0.004674091080824273
frame_id: ensenso_optical_frame