frame_id: ensenso_optical_frame
boxes:
  box_0:
    width: 0.3585875885437819
    length: 0.3915715144495349
    position:
      y: -0.03164193199740516
      z: 1.004698523768672
      x: 0.2480109412637022
    orientation:
      x: 0.7074526226193597
      z: -0.01188946747610293
      y: 0.7066548144181579
      w: -0.002898373986100206
pallet_pose:
  orientation:
    x: 0.999965595147897
    y: -0.006556543580402943
    z: -0.001992010875305305
    w: 0.00467462827005399
  position:
    x: 0.288673596677844
    y: -0.0007136519550857701
    z: 2.184998623418189