frame_id: ensenso_optical_frame
boxes:
  box_0:
    width: 0.358525740496814
    position:
      z: 1.298001442426517
      x: 0.2503607522374318
      y: -0.03150665847423637
    orientation:
      y: 0.7064801516581491
      z: -0.007697739705983536
      w: 0.001604851815040903
      x: 0.7076891722833898
    length: 0.3909098496011921
pallet_pose:
  position:
    x: 0.2816515594220758
    y: -0.0002060361438164238
    z: 2.185022297662382
  orientation:
    x: 0.9999626580932284
    y: -0.00699014751881837
    z: -0.001989983678181591
    w: 0.004675491605285313