frame_id: ensenso_optical_frame
pallet_pose:
  position:
    x: 0.2718953637030391
    y: -0.0002313781554288408
    z: 2.185062001573397
  orientation:
    x: 0.999968498010638
    y: -0.006097764308188412
    z: -0.001994155358771573
    w: 0.004673713854698978
boxes:
  box_0:
    width: 0.3577133682358381
    position:
      z: 1.443761817467065
      y: -0.03335709823870366
      x: 0.2524309428293764
    length: 0.3909539731439195
    orientation:
      y: 0.7085603247828
      z: -0.0111920690393579
      w: 0.005666460205109468
      x: 0.7055387267634963